dataset_name	architecture	run	num_caps	cos_word0	cos_word1	cos_word2	cos_word3	cos_word4	cos_word5	cos_word6	cos_word7	cos_word8	cos_word9	cos_word10	euc_word0	euc_word1	euc_word2	euc_word3	euc_word4	euc_word5	euc_word6	euc_word7	euc_word8	euc_word9	euc_word10	meanerr_word0	meanerr_word1	meanerr_word2	meanerr_word3	meanerr_word4	meanerr_word5	meanerr_word6	meanerr_word7	meanerr_word8	meanerr_word9	meanerr_word10
mscoco	init	1	1119	0.480213278367	0.554965188419	0.382247705588	0.343536288505	0.330844823434	0.319125588687	0.306844289091	0.285066528257	0.297910647801	0.330513317314	0.225181609019	8.6559522186	8.88212065701	8.43697143752	8.23668144898	8.07785840115	8.01370476377	7.90010839983	7.75955363147	7.86905912505	8.08275985079	7.30261562721	0.000559789	0.000581723	0.000543552	0.000526552	0.000514058	0.000509758	0.000501411	0.000490147	0.000499387	0.000520041	0.000459448
mscoco	pre	1	1119	0.459796793073	0.556923015561	0.337739051613	0.308866568209	0.294029331772	0.286336794908	0.279021335591	0.259759610497	0.27939371481	0.304458535908	0.205569016896	4.58406399093	5.01828705796	4.91651115192	4.87262285161	4.82203690392	4.82960590334	4.80902297322	4.74400881415	4.77511645716	4.93929150277	4.72558185051	0.000278561	0.000315448	0.000309149	0.000308651	0.000307	0.000309014	0.000308683	0.00030569	0.000308996	0.000320562	0.000306433
mscoco	par	1	1119	0.327626290094	0.510430870283	0.296855010552	0.263949752187	0.257173571353	0.254253020129	0.249453147226	0.230496514898	0.250624546763	0.293326619643	0.179610401578	4.73899089353	6.23501809928	5.63993361403	5.45966259511	5.39013178738	5.3935600631	5.35702272565	5.24927291442	5.40524855589	5.77138826291	5.04373459032	0.000821036	0.00112313	0.00100067	0.000970949	0.000959574	0.000963013	0.000957101	0.000938358	0.000969118	0.00104303	0.000898138
mscoco	merge	1	1119	0.640935593013	0.606720055809	0.531395435839	0.518706444321	0.513893477612	0.510402332935	0.507801055003	0.506291898142	0.509495179724	0.503679125462	0.472768652242	8.48751086183	8.48751086183	8.48751086183	8.48751086183	8.48751086183	8.48751086183	8.48751086183	8.48751086183	8.48751086183	8.48751086183	8.48751086183	0.00116379	0.00116379	0.00116379	0.00116379	0.00116379	0.00116379	0.00116379	0.00116379	0.00116379	0.00116379	0.00116379
mscoco	init	2	1119	0.513863999626	0.564654729015	0.392336346029	0.353822523377	0.339379267649	0.326563634691	0.314393051481	0.290361836486	0.299990566329	0.333814440347	0.228166871858	8.35908543243	8.53024275842	8.11154487561	7.9123289877	7.79277422452	7.71848120617	7.60947638542	7.4400941305	7.4839882384	7.70166447293	7.0261900932	0.000548879	0.00056362	0.000528665	0.00051188	0.000502704	0.000497821	0.000489985	0.000477214	0.00048106	0.000500091	0.000448525
mscoco	pre	2	1119	0.482991025717	0.549907211604	0.340029455295	0.311001504741	0.297735015205	0.289769386412	0.2790634035	0.256671163536	0.274307051149	0.296797201211	0.1976408723	4.80003217547	5.18357788025	5.03952880083	4.95724049053	4.88866978708	4.87923514822	4.83672195657	4.76281406775	4.79324855306	4.96422960281	4.70523679374	0.000292836	0.000326577	0.000317687	0.000314923	0.00031248	0.000313071	0.000311364	0.000307329	0.00031056	0.000322753	0.000305707
mscoco	par	2	1119	0.327243193838	0.494945571692	0.297800067536	0.265174866362	0.257563837665	0.254936533543	0.248862659058	0.2313888469	0.248530212021	0.284165847784	0.182526653318	4.67879032151	6.11458742224	5.57091922191	5.41683617642	5.35756625897	5.34782831407	5.29318078348	5.20121264287	5.34976056615	5.67397769548	5.00254	0.000804793	0.00109838	0.000991513	0.000964575	0.000956686	0.0009577	0.000949579	0.00093295	0.000961059	0.00102617	0.000895113
mscoco	merge	2	1119	0.64829688432	0.612765627729	0.53381381893	0.520332346733	0.514414103996	0.511560680972	0.507949057823	0.506384341404	0.509990078075	0.504105206909	0.476559213475	8.51608440128	8.51608440128	8.51608440128	8.51608440128	8.51608440128	8.51608440128	8.51608440128	8.51608440128	8.51608440128	8.51608440128	8.51608440128	0.00116858	0.00116858	0.00116858	0.00116858	0.00116858	0.00116858	0.00116858	0.00116858	0.00116858	0.00116858	0.00116858
mscoco	init	3	1119	0.511296229718	0.566957935824	0.393735396585	0.354650780066	0.341112095054	0.327639878995	0.313626400507	0.292556048026	0.309196870944	0.345386712265	0.229887326239	8.55290330703	8.60928658186	8.21813930221	7.96220004377	7.85238043702	7.78777986941	7.67046278816	7.52224149312	7.63714968913	7.9381712853	7.14788074809	0.000570001	0.000573435	0.000540361	0.0005196	0.000510705	0.000506193	0.00049712	0.000485707	0.00049512	0.000519373	0.000458391
mscoco	pre	3	1119	0.482313265736	0.536379225838	0.338454166675	0.306344653609	0.294764996853	0.286757441266	0.27705779392	0.255154143257	0.270141619034	0.294570903809	0.198672035105	4.68906377457	5.09764684887	4.95144149126	4.87873737465	4.82457689785	4.83361813455	4.79841983979	4.72161565049	4.74886343829	4.94906241527	4.69729515609	0.000285505	0.000320474	0.000311998	0.000309793	0.000308075	0.000309882	0.000308831	0.000304764	0.000307608	0.000321078	0.000304908
mscoco	par	3	1119	0.347676129827	0.510169240635	0.291942963918	0.262789925912	0.258756309495	0.255464556163	0.249523629638	0.230949410831	0.252479013452	0.286207571	0.174256668387	4.73397833604	6.19462005532	5.58004245948	5.41815488769	5.39723525045	5.39136561152	5.34117268152	5.24070866977	5.39569468814	5.71128122267	4.96281945418	0.000828302	0.00111528	0.000992863	0.000964073	0.000962057	0.000963639	0.000956656	0.000938207	0.000969165	0.00103135	0.000884966
mscoco	merge	3	1119	0.64116652788	0.613023805395	0.530931111861	0.519620608482	0.515292360833	0.512494011129	0.507849136203	0.505836530348	0.510836763319	0.505198391089	0.471739974589	8.60891887095	8.60891887095	8.60891887095	8.60891887095	8.60891887095	8.60891887095	8.60891887095	8.60891887095	8.60891887095	8.60891887095	8.60891887095	0.00117658	0.00117658	0.00117658	0.00117658	0.00117658	0.00117658	0.00117658	0.00117658	0.00117658	0.00117658	0.00117658
flickr30k	init	1	20	0.397347867489	0.425742037594	0.349678246677	0.333341525495	0.302789181471	0.304737170041	0.334555882215	0.297156946361	0.288585290313	0.347790509462	0.254095816612	11.0858821392	11.3511248589	10.648456955	10.5154467583	10.0831038475	9.98939332962	10.2832544088	9.95556590557	10.0770408154	10.6526734829	9.46513652802	0.000708766	0.000727755	0.000659466	0.000647848	0.0006105	0.000608224	0.000637601	0.000606105	0.000612643	0.000669754	0.000573429
flickr30k	pre	1	20	0.457838927209	0.469426259398	0.35599167794	0.332136821747	0.297924494743	0.301354819536	0.321630913019	0.277074858546	0.27172293067	0.308079862595	0.23502792716	6.26905019283	6.25205843449	6.12887420654	6.06321358681	5.89796748161	5.84340424538	5.86301252842	5.82061681747	5.74219851494	5.90821158886	5.68381934166	0.00039618	0.000401802	0.000394644	0.000391678	0.000381397	0.000380481	0.00038463	0.000380502	0.000378134	0.000391394	0.000373721
flickr30k	par	1	20	0.225612854958	0.318082538247	0.234265068173	0.238791638613	0.231342753768	0.249956019223	0.271293248236	0.247929254174	0.250042414665	0.295302915573	0.212458357215	4.60504274368	5.85176860094	5.55203728676	5.68113799095	5.64402551651	5.69990816116	5.88253018856	5.81860647202	5.84328927994	6.10755171776	5.53336393833	0.000796918	0.00103784	0.000983834	0.00100538	0.00100319	0.00102998	0.00107456	0.00105229	0.00105575	0.001117	0.00100008
flickr30k	merge	1	20	0.56068905592	0.5180557549	0.495240807533	0.494173881412	0.487263052166	0.516669166088	0.496780048311	0.50947008729	0.505992490053	0.508612786233	0.501814733446	9.61066970825	9.61066970825	9.61066970825	9.61066970825	9.61066970825	9.61066970825	9.61066970825	9.61066970825	9.61066970825	9.61066970825	9.61066970825	0.00131758	0.00131758	0.00131758	0.00131758	0.00131758	0.00131758	0.00131758	0.00131758	0.00131758	0.00131758	0.00131758
flickr30k	init	2	20	0.4133546561	0.418803143501	0.340617775917	0.319432643056	0.297101339698	0.303216142952	0.319094976783	0.295034906268	0.282232025266	0.334263460338	0.252799496055	11.0263158798	11.2202946663	10.5185325146	10.3046664715	9.91430463791	9.8132827282	9.9625241518	9.88517019749	9.80971810818	10.2192749739	9.30856482983	0.000712049	0.000718578	0.000654514	0.000630988	0.000599457	0.000595826	0.000611899	0.000604298	0.000595898	0.000635657	0.000561487
flickr30k	pre	2	20	0.451248051226	0.448942366242	0.355023498833	0.328027573228	0.293525832891	0.293447333574	0.310101614892	0.273758333921	0.275539273024	0.306480829418	0.23740003705	6.32343354225	6.24287903309	6.09750201702	5.947555089	5.754114151	5.7150220871	5.71126589775	5.66744747162	5.59092290401	5.81760344505	5.53440711498	0.000405456	0.000404965	0.000396695	0.000386642	0.000372687	0.000371192	0.000372723	0.000369919	0.000366519	0.000384871	0.000364442
flickr30k	par	2	20	0.219160026312	0.310788917542	0.238011464477	0.222005227208	0.21867209971	0.24946385175	0.267227372527	0.244771182537	0.244564336538	0.308737634122	0.217744758725	4.55140866041	5.72250447273	5.48280866146	5.47709622383	5.41106122732	5.582452631	5.7989695549	5.75787336826	5.77121667862	6.14366209507	5.55303337574	0.000789215	0.00101278	0.000973044	0.000967048	0.000961125	0.0010063	0.00104898	0.0010434	0.00104007	0.00112875	0.000997824
flickr30k	merge	2	20	0.578756789863	0.537696290016	0.507709245384	0.508244523406	0.50024189949	0.527774982154	0.51290205121	0.509956482053	0.515355622768	0.519124953449	0.502929912508	9.68001451492	9.68001451492	9.68001451492	9.68001451492	9.68001451492	9.68001451492	9.68001451492	9.68001451492	9.68001451492	9.68001451492	9.68001451492	0.00133611	0.00133611	0.00133611	0.00133611	0.00133611	0.00133611	0.00133611	0.00133611	0.00133611	0.00133611	0.00133611
flickr30k	init	3	20	0.414778713882	0.435146471858	0.355686733127	0.328201982379	0.30430124402	0.3042121768	0.326101006567	0.311504516006	0.288564255834	0.355525703728	0.262442070246	11.0556280136	11.1263209343	10.568130827	10.2235888958	9.89902791977	9.72694861889	9.85219697952	9.9925372839	9.87384598255	10.5764404297	9.60710120201	0.000712437	0.000715868	0.000661165	0.000634473	0.0006066	0.000595329	0.000609056	0.000620854	0.000608881	0.000672217	0.000590459
flickr30k	pre	3	20	0.478578750789	0.47290379256	0.367570523918	0.323723612726	0.301746764779	0.297133152187	0.315217021108	0.287791991234	0.277462530136	0.320560660958	0.245151272416	6.25110163689	6.289529109	6.18778510094	5.99262971878	5.89501843452	5.86288495064	5.84771163464	5.95109400749	5.7790941	5.94317650795	5.65005669594	0.0003992	0.000403817	0.00039903	0.000386334	0.000380595	0.000379352	0.000379794	0.000387436	0.000378225	0.000391536	0.000370041
flickr30k	par	3	20	0.246783944964	0.327205638587	0.244940584898	0.230092874169	0.233644416928	0.253056648374	0.278404803574	0.2500587672	0.251219505072	0.305372340977	0.220662951469	4.774365592	5.87321718931	5.61201705933	5.59006385803	5.62696261406	5.71227390766	5.91593616009	5.8769651413	5.8388967514	6.19166088104	5.65015227795	0.000819123	0.00105526	0.00100142	0.00100231	0.00101382	0.00103363	0.00107292	0.0010721	0.00105966	0.00114336	0.00103044
flickr30k	merge	3	20	0.568429850042	0.526853784919	0.499869947135	0.499231521785	0.490700888634	0.523946346343	0.50338344723	0.50750322938	0.514302483201	0.520068871975	0.498637907207	9.69452946186	9.69452946186	9.69452946186	9.69452946186	9.69452946186	9.69452946186	9.69452946186	9.69452946186	9.69452946186	9.69452946186	9.69452946186	0.00129967	0.00129967	0.00129967	0.00129967	0.00129967	0.00129967	0.00129967	0.00129967	0.00129967	0.00129967	0.00129967
flickr8k	init	1	119	0.28216854414	0.315517470366	0.328406606151	0.307083033213	0.309517968102	0.318150131893	0.322562965275	0.310833397032	0.294323645219	0.321031471511	0.301066255119	13.8053133828	14.2853406137	13.6054681489	12.9592052909	12.7306309989	12.6849853452	12.5237218753	12.2743663507	12.1351806216	12.3122909249	11.8900261126	0.000866679	0.000898369	0.00084218	0.000774406	0.000757138	0.000754595	0.000746717	0.00072468	0.000706892	0.000731078	0.000704952
flickr8k	pre	1	119	0.462111890066	0.540844785065	0.437077002365	0.3798382991	0.372330706911	0.37681294314	0.375880492835	0.344782814258	0.336129919821	0.38982188063	0.326010035116	7.61467322983	8.01863310117	7.7611730279	7.40847252597	7.36757725026	7.42933177748	7.37350125273	7.15815538919	7.1595136378	7.39271209821	6.96891608358	0.000501702	0.000535943	0.000518604	0.000493075	0.000490929	0.000495709	0.000494246	0.000478591	0.000477953	0.000498324	0.000467561
flickr8k	par	1	119	0.224517938971	0.409976274777	0.333638450428	0.307708131165	0.325367331004	0.347315973845	0.347955652646	0.320843883923	0.316903754443	0.393162688037	0.305756021948	5.1044077753	7.24391125631	7.14291671945	7.07019363932	7.33223102874	7.49897276454	7.54920798791	7.40359500677	7.45138378304	7.96290342347	7.37678635621	0.000901989	0.00130813	0.00128931	0.00127906	0.00133378	0.00137414	0.0013852	0.00135659	0.00136263	0.00147951	0.00134965
flickr8k	merge	1	119	0.507074704816	0.479500768064	0.467124377229	0.45501634153	0.458469679626	0.4536384001	0.459298511263	0.457581526091	0.447862704261	0.45869426542	0.460571036118	9.88024588994	9.88024588994	9.88024588994	9.88024588994	9.88024588994	9.88024588994	9.88024588994	9.88024588994	9.88024588994	9.88024588994	9.88024588994	0.00133278	0.00133278	0.00133278	0.00133278	0.00133278	0.00133278	0.00133278	0.00133278	0.00133278	0.00133278	0.00133278
flickr8k	init	2	119	0.291102638766	0.313328198525	0.321545741638	0.305665426895	0.312471276321	0.321863041455	0.327831510486	0.314075334733	0.297715742548	0.323900894958	0.302948923422	13.791953191	14.0581569031	13.4023106359	12.8595291667	12.6859335298	12.6646304251	12.5676327914	12.2839939414	12.1126158338	12.3018811731	11.9155576009	0.000868739	0.000883134	0.000825784	0.000768119	0.000754714	0.000754141	0.000750542	0.000728451	0.00070884	0.000734148	0.000706566
flickr8k	pre	2	119	0.451537873815	0.535928469245	0.435003783773	0.37505826354	0.372586992859	0.376253150591	0.37080668802	0.339979679645	0.326236826282	0.379421385396	0.315771107914	7.66048779608	8.05444373604	7.75643659239	7.3816427904	7.32542449887	7.34389382851	7.26653393176	7.08031574217	7.00913692522	7.2641738523	6.86615039721	0.000505738	0.000539592	0.000519457	0.000491837	0.000489644	0.000492278	0.00048818	0.000475078	0.000470292	0.000491096	0.000462061
flickr8k	par	2	119	0.226099504643	0.408453735734	0.334295351465	0.307810323579	0.311325138607	0.337499877986	0.340742897336	0.319171243105	0.313912824923	0.38967292975	0.307722745573	5.07824059094	7.30444745857	7.08575701914	7.01220858999	7.16203324134	7.39670347967	7.42580711541	7.32506919108	7.36571230608	7.90186900051	7.31562380029	0.000881342	0.00130259	0.00127393	0.00126239	0.0012949	0.00134449	0.00135871	0.00133446	0.001338	0.00146024	0.00133566
flickr8k	merge	2	119	0.499375997096	0.475930099227	0.461335587652	0.450766182998	0.45337733977	0.45076639512	0.458113424417	0.456929335574	0.447637296274	0.455902051024	0.456552538927	9.82338510241	9.82338510241	9.82338510241	9.82338510241	9.82338510241	9.82338510241	9.82338510241	9.82338510241	9.82338510241	9.82338510241	9.82338510241	0.00131628	0.00131628	0.00131628	0.00131628	0.00131628	0.00131628	0.00131628	0.00131628	0.00131628	0.00131628	0.00131628
flickr8k	init	3	119	0.293308723123	0.325235532111	0.318453207737	0.302793097596	0.314081164468	0.321019949783	0.327137742974	0.314150846055	0.299699279441	0.323335619283	0.296218554513	13.7851290663	14.1576084329	13.4859503978	12.9122983147	12.7730929271	12.6930384716	12.615441719	12.3672357727	12.2228741245	12.3361257465	11.9163425389	0.000853678	0.000882155	0.000823325	0.000765197	0.000757695	0.000754068	0.000751502	0.000731096	0.000713338	0.000733046	0.000702607
flickr8k	pre	3	119	0.493875564647	0.557830867772	0.452633615552	0.392824131902	0.38188540635	0.37690485801	0.375649633778	0.347914099944	0.33601788613	0.389339674671	0.326442786876	7.89177488279	8.23361740593	7.9745856774	7.6113993821	7.58317338318	7.61204493547	7.59053196627	7.38926147012	7.35530887732	7.61989787046	7.22984642542	0.000522431	0.000551362	0.000534756	0.000508193	0.000507565	0.000510021	0.000508845	0.000494364	0.000493448	0.000514621	0.000486404
flickr8k	par	3	119	0.21711695645	0.412138236921	0.333222672218	0.298499074553	0.319411771888	0.345349183103	0.349638283002	0.32310214814	0.319308485804	0.403183204286	0.312700459687	4.88450097837	7.19853037746	7.01722625524	6.86679614291	7.11995354821	7.33924463416	7.39816210851	7.27532758232	7.30956412965	7.88226171301	7.26394409292	0.000855656	0.00128784	0.00125869	0.00123492	0.00129021	0.00133502	0.00135258	0.00132691	0.00132938	0.00146573	0.00133117
flickr8k	merge	3	119	0.514744168069	0.483370552043	0.467768987688	0.458107527314	0.463654758299	0.460340471829	0.467630414903	0.467208949708	0.45788643841	0.469302487223	0.471312211717	10.043026828	10.043026828	10.043026828	10.043026828	10.043026828	10.043026828	10.043026828	10.043026828	10.043026828	10.043026828	10.043026828	0.00135478	0.00135478	0.00135478	0.00135478	0.00135478	0.00135478	0.00135478	0.00135478	0.00135478	0.00135478	0.00135478
