dataset_name	architecture	run	vocab_size	num_training_caps	mean_training_caps_len	num_params	geomean_pplx	num_inf_pplx	vocab_used	vocab_used_frac	mean_cap_len	num_existing_caps	num_existing_caps_frac	existing_caps_CIDEr	unigram_entropy	bigram_entropy	CIDEr	METEOR	ROUGE_L	Bleu_1	Bleu_2	Bleu_3	Bleu_4	R@1	R@5	R@10	median_rank	R@1_frac	R@5_frac	R@10_frac	median_rank_frac	num_epochs	training_time	total_time
flickr8k	human	1	2539	30000	10.816	0	1.0	0	1187	0.467506892477	11.139	11	0.011	2.93883354892	7.33344334854	10.8357967056	2.63565379807	1.0	1.0	1.0	1.0	1.0	1.0	1000	1000	1000	1.0	1.0	1.0	1.0	0.001	0	0	229
flickr8k	init	1	2539	30000	10.816	6274539	13.7321828707	0	295	0.116187475384	9.979	111	0.111	0.603028031397	5.55859292241	7.57817769253	0.467578386993	0.193294644335	0.441822161078	0.608578013829	0.417684553449	0.277941427732	0.185274801637	167	422	562	8.0	0.167	0.422	0.562	0.008	10	363	787
flickr8k	pre	1	2539	30000	10.816	6274539	13.7188746384	0	293	0.115399763686	9.73	96	0.096	0.646404120089	5.5374427646	7.57895029831	0.462474567077	0.18943528818	0.442916044796	0.600513874615	0.413694349606	0.27919720571	0.185734033061	151	379	528	9.0	0.151	0.379	0.528	0.009	5	506	928
flickr8k	par	1	2539	30000	10.816	2942187	13.3230962684	0	280	0.110279637653	9.964	102	0.102	0.595990394997	5.50249197419	7.41672827857	0.481026424928	0.19550742133	0.451196398172	0.610999598555	0.425404227294	0.28970236655	0.195101840238	162	403	536	9.0	0.162	0.403	0.536	0.009	12	441	923
flickr8k	merge	1	2539	30000	10.816	1600747	13.8788238195	0	346	0.136274123671	9.94	106	0.106	0.603044369589	5.64545839319	7.68303700426	0.479622648115	0.194883476263	0.446925017641	0.607947686117	0.419432964407	0.279172113885	0.182779152028	173	408	555	8.5	0.173	0.408	0.555	0.0085	13	221	576
flickr8k	init	2	2539	30000	10.816	6274539	13.6914323768	0	304	0.119732178023	9.986	112	0.112	0.57571932238	5.63262141803	7.68282935269	0.488192598597	0.194456519756	0.445490699657	0.613759262968	0.427442514378	0.28826434991	0.193397607573	179	447	565	7.0	0.179	0.447	0.565	0.007	10	362	782
flickr8k	pre	2	2539	30000	10.816	6274539	13.4975206325	0	317	0.124852304057	9.789	97	0.097	0.717643525308	5.63973751917	7.72616890796	0.482509155868	0.193000561475	0.448293383145	0.617529880478	0.427000061131	0.288893075117	0.192169386093	145	389	524	9.0	0.145	0.389	0.524	0.009	5	506	930
flickr8k	par	2	2539	30000	10.816	2942187	13.521772582	0	252	0.0992516738874	9.645	146	0.146	0.558980719378	5.48103850559	7.39375076635	0.474533473561	0.193146955988	0.448853481897	0.613063763608	0.425746169702	0.286994157613	0.190600713892	152	389	525	9.0	0.152	0.389	0.525	0.009	11	404	885
flickr8k	merge	2	2539	30000	10.816	1600747	14.042398009	0	312	0.122883024813	9.942	118	0.118	0.551270388897	5.46244861441	7.40854256886	0.448286138232	0.190845794983	0.438697205618	0.601186883927	0.413160473227	0.273131629465	0.178515885749	175	409	541	8.0	0.175	0.409	0.541	0.008	11	197	561
flickr8k	init	3	2539	30000	10.816	6274539	13.6828357234	0	316	0.124458448208	9.647	111	0.111	0.581416577416	5.65998769213	7.68596448206	0.488256919556	0.194102502269	0.447479821158	0.611029681515	0.427017859908	0.289848085097	0.194829238617	180	427	556	8.0	0.18	0.427	0.556	0.008	10	380	796
flickr8k	pre	3	2539	30000	10.816	6274539	13.4113228205	0	339	0.133517132729	9.729	90	0.09	0.518494902961	5.69243663424	7.71090350313	0.462586959303	0.190758882679	0.439910414573	0.60818172474	0.421176019561	0.286160642452	0.192094081335	148	369	502	10.0	0.148	0.369	0.502	0.01	6	605	1028
flickr8k	par	3	2539	30000	10.816	2942187	13.4082916156	0	281	0.110673493501	9.471	151	0.151	0.581823918191	5.53782211537	7.45155203654	0.470626870012	0.19148055698	0.444047066754	0.610089478851	0.422010843778	0.283323031791	0.188537729536	161	399	539	9.0	0.161	0.399	0.539	0.009	10	366	835
flickr8k	merge	3	2539	30000	10.816	1600747	13.9690670451	0	372	0.146514375738	10.259	107	0.107	0.647331188376	5.66597210838	7.78615479957	0.479186345372	0.193067908973	0.444843848621	0.590798323423	0.405267573704	0.266520773479	0.172436430488	172	416	543	9.0	0.172	0.416	0.543	0.009	14	237	606
flickr30k	human	1	7415	145000	12.3150551724	0	1.0	0	2180	0.293998651382	18.243	0	0.0		8.0112856232	11.7862707858	2.43295869402	1.0	1.0	1.0	1.0	1.0	1.0	1000	1000	1000	1.0	1.0	1.0	1.0	0.001	0	0	231
flickr30k	init	1	7415	145000	12.3150551724	11272439	19.6741696308	0	419	0.0565070802428	10.734	87	0.087	0.554894706037	5.47172535728	7.3507780025	0.38636692625	0.177344886208	0.426247056105	0.617477175331	0.42189911734	0.284591691521	0.191580026722	217	487	600	6.0	0.217	0.487	0.6	0.006	10	5381	6693
flickr30k	pre	1	7415	145000	12.3150551724	11272439	20.2138440666	0	373	0.0503034389751	10.32	131	0.131	0.454459197892	5.48617564745	7.30996798193	0.371754839421	0.173559396676	0.417489994192	0.607282733016	0.415696238487	0.282176944732	0.189847077475	220	480	602	6.0	0.22	0.48	0.602	0.006	6	6938	8241
flickr30k	par	1	7415	145000	12.3150551724	5443575	21.7003863074	0	260	0.0350640593392	10.484	126	0.126	0.516914609774	5.1204535858	6.65953218678	0.363779016856	0.167883913975	0.41617995786	0.610394458744	0.413807917537	0.27918826644	0.18688600233	218	476	608	6.0	0.218	0.476	0.608	0.006	6	2794	4304
flickr30k	merge	1	7415	145000	12.3150551724	3478007	22.1099828823	0	439	0.0592043155765	10.624	65	0.065	0.580204709396	5.31769847149	7.17151141758	0.393030968759	0.173953901157	0.424913095687	0.617093373494	0.421137313291	0.281701664757	0.1873305727	242	514	611	5.0	0.242	0.514	0.611	0.005	9	2465	3627
flickr30k	init	2	7415	145000	12.3150551724	11272439	19.4427857451	0	415	0.055967633176	11.295	78	0.078	0.513391292725	5.45344004478	7.35300620027	0.38689635164	0.179682418192	0.428729070114	0.60770252324	0.417012156601	0.283740437251	0.192148999459	231	489	602	6.0	0.231	0.489	0.602	0.006	10	5402	6728
flickr30k	pre	2	7415	145000	12.3150551724	11272439	20.1885859853	0	401	0.0540795684423	10.578	97	0.097	0.544238620522	5.47310139614	7.41009325218	0.386906524865	0.176527884633	0.423521106671	0.614671960673	0.420632347652	0.284888532986	0.194703071719	214	489	605	6.0	0.214	0.489	0.605	0.006	6	6941	8237
flickr30k	par	2	7415	145000	12.3150551724	5443575	20.9626946354	0	292	0.0393796358732	11.116	113	0.113	0.470669389983	5.16162940216	6.82715921459	0.362467416091	0.173678438303	0.417676346639	0.601565311263	0.407615024104	0.271002249622	0.177743105871	238	481	604	6.0	0.238	0.481	0.604	0.006	8	3722	5279
flickr30k	merge	2	7415	145000	12.3150551724	3478007	22.0334661404	0	454	0.0612272420769	10.837	74	0.074	0.546032227452	5.44956178793	7.35260744102	0.37946304304	0.174638772956	0.422679572311	0.613084802067	0.417965550983	0.281301147716	0.188657850121	241	502	608	5.0	0.241	0.502	0.608	0.005	10	2739	3910
flickr30k	init	3	7415	145000	12.3150551724	11272439	19.3929009583	0	434	0.0585300067431	10.72	96	0.096	0.497318890113	5.60315580965	7.51653551081	0.376347777866	0.175038578137	0.420637819859	0.612779850746	0.417132133596	0.280412710637	0.188707729424	233	481	602	6.0	0.233	0.481	0.602	0.006	11	5927	7231
flickr30k	pre	3	7415	145000	12.3150551724	11272439	20.1344961918	0	438	0.0590694538098	10.349	74	0.074	0.565903119188	5.5739636308	7.59441788922	0.380638334066	0.173268618872	0.420367551548	0.616014701108	0.421540718611	0.28374434147	0.19035118184	210	473	594	6.0	0.21	0.473	0.594	0.006	6	6938	8224
flickr30k	par	3	7415	145000	12.3150551724	5443575	20.5988114373	0	286	0.0385704652731	11.002	99	0.099	0.564103154223	5.09438484154	6.67353021276	0.355740391665	0.169834571294	0.419291926723	0.602526813307	0.408787862476	0.275219315806	0.184210810642	228	485	588	6.0	0.228	0.485	0.588	0.006	10	4650	6208
flickr30k	merge	3	7415	145000	12.3150551724	3478007	22.0912196985	0	431	0.058125421443	10.705	64	0.064	0.59495987197	5.33713112346	7.12222895286	0.382136681064	0.174151871208	0.422446584815	0.612891172349	0.417794705949	0.278305539831	0.18547412015	242	513	625	5.0	0.242	0.513	0.625	0.005	8	2190	3358
mscoco	human	1	8792	414113	10.4662495502	0	1.0	0	3070	0.349181073703	10.4246	357	0.0714	2.80560349329	7.83295064432	11.9147360398	2.72581186558	1.0	1.0	1.0	1.0	1.0	1.0	1000	1000	1000	1.0	1.0	1.0	1.0	0.001	0	0	243
mscoco	init	1	8792	414113	10.4662495502	12683864	9.2842332803	0	633	0.0719972702457	9.157	2593	0.5186	0.877895160706	6.13652386888	8.79983682493	0.813430277545	0.224875007449	0.49802180597	0.677728067866	0.500682509673	0.367052145272	0.270762991472	291	646	783	3.0	0.291	0.646	0.783	0.003	7	7812	10934
mscoco	pre	1	8792	414113	10.4662495502	12683864	9.83113439242	0	578	0.0657415832575	9.1662	2613	0.5226	0.881871426436	6.09268514639	8.70210173269	0.801934874975	0.224303733433	0.495441612548	0.676439628468	0.50076396422	0.364959530119	0.266919574575	275	613	754	4.0	0.275	0.613	0.754	0.004	7	16160	19245
mscoco	par	1	8792	414113	10.4662495502	6149976	10.012406826	0	440	0.0500454959054	8.922	3127	0.6254	0.799361139597	5.86955668088	8.20881474571	0.777513464595	0.220308636061	0.494811444527	0.6699675378	0.49607108906	0.363571766973	0.269169813199	266	592	740	4.0	0.266	0.592	0.74	0.004	12	11164	15713
mscoco	merge	1	8792	414113	10.4662495502	4008152	10.3899774583	0	695	0.0790491355778	9.1658	2046	0.4092	0.866731320905	6.06817154992	8.74044334975	0.78052252047	0.220996905682	0.49171950526	0.677533947441	0.499730165945	0.359615181066	0.258354801414	278	621	751	3.0	0.278	0.621	0.751	0.003	9	5134	8148
mscoco	init	2	8792	414113	10.4662495502	12683864	9.22591931418	0	643	0.0731346678799	9.1724	2582	0.5164	0.879807895521	6.13225451255	8.7395442431	0.815411558768	0.225044939358	0.496664865705	0.676378617972	0.500284151384	0.365662648567	0.268224590192	301	642	770	3.0	0.301	0.642	0.77	0.003	9	9977	13036
mscoco	pre	2	8792	414113	10.4662495502	12683864	9.92791107024	0	562	0.0639217470428	9.0044	2540	0.508	0.879312857931	5.99590540916	8.58838957278	0.816638893849	0.224230150369	0.50035749805	0.680303216563	0.506012755806	0.369744177831	0.27024798055	279	599	750	4.0	0.279	0.599	0.75	0.004	6	13847	16886
mscoco	par	2	8792	414113	10.4662495502	6149976	10.1392812164	0	445	0.0506141947225	8.8942	3082	0.6164	0.801469655593	5.86772875969	8.2160269942	0.771252117095	0.217677096174	0.492655437947	0.668757153399	0.492422935842	0.359160723088	0.26391983553	276	576	739	4.0	0.276	0.576	0.739	0.004	9	8378	12906
mscoco	merge	2	8792	414113	10.4662495502	4008152	10.3572463757	0	707	0.0804140127389	9.1114	2054	0.4108	0.865147326994	6.10311926682	8.76794426148	0.787930890839	0.221371185139	0.492576076442	0.672179388762	0.496250311377	0.359580573114	0.259984714184	287	629	751	3.0	0.287	0.629	0.751	0.003	9	5124	8106
mscoco	init	3	8792	414113	10.4662495502	12683864	9.30054452123	0	638	0.0725659690628	9.2808	2607	0.5214	0.907341867687	6.11553484756	8.76567452529	0.825200007514	0.228981677625	0.502879842016	0.683848807776	0.50527315826	0.369763435045	0.273456743183	280	626	763	3.0	0.28	0.626	0.763	0.003	9	9974	13086
mscoco	pre	3	8792	414113	10.4662495502	12683864	9.87917333137	0	597	0.0679026387625	9.2628	2635	0.527	0.851575142038	6.10355166222	8.68029391024	0.803632129055	0.224144057269	0.497137215243	0.674935408446	0.497590282412	0.362819258401	0.265328142347	258	603	750	4.0	0.258	0.603	0.75	0.004	7	16151	19234
mscoco	par	3	8792	414113	10.4662495502	6149976	10.0606351575	0	435	0.0494767970883	9.0102	3200	0.64	0.781819603494	5.85075893692	8.15256093653	0.773219519051	0.220472825162	0.492696876222	0.662706851908	0.486062634213	0.354892109865	0.262022265363	273	584	719	4.0	0.273	0.584	0.719	0.004	11	10232	14734
mscoco	merge	3	8792	414113	10.4662495502	4008152	10.4498625496	0	685	0.0779117379436	9.1288	2040	0.408	0.893210327176	6.04707355291	8.70646014752	0.803932642143	0.223032122594	0.497230206472	0.679838904106	0.504485537779	0.366413107335	0.266374719003	295	617	741	3.0	0.295	0.617	0.741	0.003	8	4539	7562
